logT   -8.0   -7.5   -7.0   -6.5   -6.0   -5.5   -5.0   -4.5   -4.0   -3.5   -3.0   -2.5   -2.0   -1.5   -1.0   -0.5    0.0    0.5    1.0
3.75 -0.796 -0.929 -1.121 -1.330 -1.545 -1.759 -1.962 -2.134 -2.249 -2.272 -2.194 -2.042 -1.845 -1.622 -1.384 -1.130 -0.857 -0.558 -0.230
3.80 -0.537 -0.602 -0.678 -0.797 -0.947 -1.112 -1.274 -1.413 -1.500 -1.514 -1.449 -1.314 -1.138 -0.940 -0.727 -0.501 -0.262 -0.007  0.265
3.85 -0.541 -0.536 -0.531 -0.531 -0.546 -0.589 -0.650 -0.708 -0.741 -0.733 -0.675 -0.573 -0.435 -0.270 -0.088  0.110  0.323  0.552  0.799
3.90 -0.553 -0.535 -0.518 -0.482 -0.417 -0.322 -0.217 -0.123 -0.047  0.020  0.090  0.173  0.275  0.398  0.541  0.703  0.884  1.085  1.306
3.95 -0.556 -0.539 -0.523 -0.488 -0.412 -0.271 -0.061  0.196  0.440  0.630  0.765  0.868  0.959  1.055  1.161  1.285  1.429  1.594  1.781
4.00 -0.538 -0.531 -0.524 -0.498 -0.430 -0.292 -0.060  0.263  0.632  0.975  1.236  1.419  1.545  1.644  1.735  1.832  1.944  2.076  2.229
4.05 -0.504 -0.503 -0.502 -0.489 -0.440 -0.321 -0.102  0.225  0.630  1.059  1.450  1.756  1.968  2.114  2.223  2.316  2.411  2.518  2.644
4.10 -0.497 -0.490 -0.483 -0.466 -0.423 -0.326 -0.139  0.159  0.555  1.005  1.464  1.878  2.208  2.445  2.606  2.725  2.824  2.922  3.030
4.15 -0.488 -0.479 -0.470 -0.452 -0.411 -0.317 -0.145  0.121  0.482  0.918  1.389  1.861  2.292  2.635  2.881  3.052  3.179  3.285  3.389
4.20 -0.492 -0.476 -0.461 -0.438 -0.397 -0.311 -0.150  0.105  0.449  0.858  1.315  1.802  2.283  2.715  3.061  3.305  3.479  3.612  3.725
4.25 -0.493 -0.476 -0.460 -0.435 -0.392 -0.307 -0.156  0.083  0.417  0.829  1.280  1.760  2.250  2.736  3.162  3.490  3.727  3.903  4.038
4.30 -0.486 -0.470 -0.455 -0.429 -0.387 -0.307 -0.159  0.075  0.401  0.810  1.271  1.755  2.243  2.748  3.221  3.624  3.929  4.154  4.327
4.35 -0.477 -0.460 -0.444 -0.417 -0.373 -0.298 -0.162  0.064  0.394  0.809  1.273  1.764  2.272  2.781  3.275  3.728  4.096  4.370  4.582
4.40 -0.456 -0.443 -0.430 -0.399 -0.350 -0.275 -0.147  0.068  0.392  0.815  1.292  1.796  2.308  2.832  3.346  3.825  4.239  4.560  4.802
4.45 -0.440 -0.426 -0.412 -0.378 -0.321 -0.236 -0.105  0.104  0.422  0.841  1.325  1.841  2.364  2.901  3.428  3.929  4.371  4.727  4.998
4.50 -0.438 -0.418 -0.399 -0.358 -0.287 -0.183 -0.037  0.175  0.487  0.898  1.380  1.896  2.431  2.977  3.515  4.033  4.494  4.873  5.162
4.55 -0.438 -0.419 -0.401 -0.361 -0.286 -0.157  0.028  0.269  0.587  0.991  1.462  1.968  2.505  3.052  3.598  4.126  4.599  4.991  5.283
4.60 -0.446 -0.425 -0.405 -0.364 -0.292 -0.160  0.051  0.340  0.695  1.106  1.567  2.060  2.584  3.122  3.667  4.194  4.668  5.061  5.347
4.65 -0.449 -0.431 -0.414 -0.379 -0.309 -0.176  0.043  0.356  0.755  1.204  1.671  2.154  2.658  3.178  3.708  4.222  4.684  5.070  5.351
4.70 -0.443 -0.430 -0.417 -0.388 -0.328 -0.205  0.015  0.338  0.749  1.221  1.717  2.213  2.707  3.207  3.714  4.204  4.649  5.024  5.302
4.75 -0.443 -0.430 -0.417 -0.390 -0.339 -0.233 -0.034  0.286  0.706  1.183  1.688  2.204  2.710  3.203  3.690  4.157  4.583  4.946  5.226
4.80 -0.442 -0.429 -0.416 -0.392 -0.346 -0.251 -0.072  0.219  0.625  1.107  1.618  2.140  2.662  3.169  3.649  4.099  4.508  4.860  5.141
4.85 -0.439 -0.425 -0.411 -0.387 -0.344 -0.259 -0.094  0.176  0.552  1.016  1.533  2.065  2.595  3.115  3.605  4.051  4.448  4.787  5.063
4.90 -0.430 -0.417 -0.404 -0.381 -0.340 -0.261 -0.112  0.142  0.502  0.946  1.451  1.990  2.531  3.062  3.563  4.013  4.402  4.729  4.992
4.95 -0.425 -0.408 -0.392 -0.369 -0.328 -0.250 -0.110  0.126  0.475  0.912  1.404  1.933  2.480  3.019  3.529  3.985  4.368  4.678  4.918
5.00 -0.404 -0.391 -0.378 -0.353 -0.312 -0.236 -0.101  0.123  0.457  0.889  1.381  1.905  2.445  2.986  3.501  3.958  4.332  4.624  4.834
5.05 -0.367 -0.355 -0.343 -0.323 -0.284 -0.208 -0.075  0.141  0.462  0.883  1.373  1.895  2.429  2.961  3.470  3.918  4.278  4.548  4.732
5.10 -0.321 -0.309 -0.297 -0.275 -0.241 -0.171 -0.041  0.172  0.482  0.892  1.372  1.891  2.419  2.935  3.423  3.849  4.191  4.443  4.609
5.15 -0.302 -0.277 -0.253 -0.224 -0.186 -0.118  0.005  0.211  0.515  0.911  1.377  1.884  2.398  2.891  3.343  3.738  4.064  4.308  4.476
5.20 -0.302 -0.265 -0.231 -0.190 -0.138 -0.062  0.059  0.257  0.548  0.930  1.380  1.866  2.356  2.816  3.227  3.593  3.907  4.153  4.330
5.25 -0.327 -0.279 -0.236 -0.185 -0.121 -0.032  0.101  0.297  0.573  0.934  1.364  1.828  2.287  2.708  3.083  3.425  3.734  3.990  4.178
5.30 -0.389 -0.327 -0.273 -0.210 -0.137 -0.040  0.102  0.305  0.577  0.920  1.325  1.762  2.191  2.578  2.924  3.251  3.559  3.825  4.024
5.35 -0.426 -0.376 -0.331 -0.266 -0.182 -0.075  0.072  0.279  0.553  0.885  1.267  1.679  2.080  2.438  2.764  3.081  3.390  3.662  3.876
5.40 -0.452 -0.416 -0.383 -0.331 -0.254 -0.142  0.015  0.227  0.505  0.835  1.202  1.588  1.963  2.300  2.610  2.920  3.232  3.507  3.674
5.45 -0.465 -0.443 -0.422 -0.383 -0.320 -0.220 -0.067  0.152  0.437  0.772  1.132  1.500  1.853  2.171  2.468  2.773  3.084  3.363  3.531
5.50 -0.466 -0.454 -0.442 -0.419 -0.375 -0.295 -0.158  0.057  0.353  0.700  1.060  1.415  1.751  2.053  2.339  2.642  2.949  3.235  3.406
5.55 -0.469 -0.461 -0.453 -0.439 -0.410 -0.353 -0.240 -0.041  0.257  0.621  0.990  1.336  1.658  1.948  2.228  2.529  2.831  3.007  3.133
5.60 -0.468 -0.463 -0.458 -0.449 -0.430 -0.389 -0.303 -0.134  0.152  0.528  0.914  1.261  1.574  1.858  2.134  2.433  2.734  2.910  3.035
5.65 -0.467 -0.464 -0.461 -0.454 -0.441 -0.411 -0.345 -0.207  0.047  0.419  0.826  1.188  1.499  1.782  2.060  2.357  2.661  2.838  2.964
5.70 -0.468 -0.465 -0.462 -0.457 -0.446 -0.423 -0.371 -0.261 -0.043  0.308  0.729  1.112  1.434  1.720  2.004  2.302  2.477  2.602  2.698
5.75 -0.469 -0.466 -0.463 -0.459 -0.450 -0.431 -0.388 -0.297 -0.115  0.203  0.627  1.035  1.375  1.674  1.967  2.271  2.448  2.574  2.671
5.80 -0.468 -0.466 -0.464 -0.460 -0.451 -0.435 -0.399 -0.320 -0.163  0.119  0.528  0.959  1.324  1.641  1.948  2.258  2.437  2.563  2.661
5.85 -0.467 -0.466 -0.465 -0.461 -0.452 -0.437 -0.405 -0.335 -0.193  0.062  0.449  0.890  1.284  1.622  1.946  2.263  2.444  2.572  2.670
5.90 -0.468 -0.466 -0.464 -0.461 -0.453 -0.437 -0.408 -0.346 -0.216  0.022  0.393  0.837  1.255  1.619  1.959  2.280  2.463  2.591  2.689
5.95 -0.467 -0.465 -0.463 -0.460 -0.453 -0.437 -0.408 -0.350 -0.232 -0.005  0.356  0.803  1.239  1.627  1.980  2.296  2.477  2.604  2.703
6.00 -0.466 -0.463 -0.460 -0.457 -0.450 -0.435 -0.406 -0.348 -0.237 -0.024  0.331  0.783  1.236  1.642  2.003  2.297  2.471  2.594  2.691
6.10 -0.469 -0.464 -0.459 -0.452 -0.442 -0.426 -0.396 -0.336 -0.225 -0.025  0.313  0.768  1.239  1.658  1.991  2.210  2.355  2.463  2.550
6.20 -0.470 -0.468 -0.466 -0.461 -0.448 -0.426 -0.388 -0.320 -0.201  0.002  0.328  0.757  1.201  1.577  1.838  2.016  2.142  2.239  2.319
6.30 -0.471 -0.470 -0.469 -0.467 -0.461 -0.448 -0.414 -0.341 -0.205  0.017  0.332  0.706  1.071  1.370  1.585  1.772  1.902  2.002  2.084
6.40 -0.472 -0.471 -0.470 -0.469 -0.466 -0.460 -0.442 -0.394 -0.277 -0.054  0.250  0.571  0.862  1.110  1.317  1.539  1.685  1.794  1.882
6.50 -0.471 -0.471 -0.471 -0.470 -0.468 -0.465 -0.454 -0.424 -0.348 -0.179  0.085  0.372  0.630  0.859  1.073  1.337  1.500  1.618  1.711
6.60 -0.472 -0.472 -0.472 -0.471 -0.470 -0.467 -0.460 -0.439 -0.388 -0.272 -0.070  0.179  0.417  0.636  0.866  1.159  1.332  1.456  1.552
6.70 -0.473 -0.473 -0.473 -0.473 -0.471 -0.470 -0.464 -0.450 -0.413 -0.331 -0.180  0.024  0.237  0.448  0.695  0.995  1.171  1.296  1.392
6.80 -0.474 -0.474 -0.474 -0.474 -0.473 -0.471 -0.468 -0.457 -0.430 -0.371 -0.259 -0.096  0.091  0.299  0.552  0.859  1.037  1.163  1.260
6.90 -0.475 -0.475 -0.475 -0.474 -0.474 -0.472 -0.469 -0.461 -0.442 -0.398 -0.313 -0.183 -0.018  0.186  0.440  0.758  0.940  1.067  1.166
7.00 -0.477 -0.477 -0.477 -0.476 -0.475 -0.474 -0.471 -0.464 -0.447 -0.412 -0.346 -0.239 -0.090  0.104  0.353  0.663  0.842  0.968  1.066
7.10 -0.479 -0.479 -0.479 -0.478 -0.478 -0.476 -0.473 -0.466 -0.450 -0.418 -0.361 -0.269 -0.136  0.041  0.273  0.578  0.755  0.881  0.978
7.20 -0.481 -0.481 -0.481 -0.481 -0.480 -0.479 -0.477 -0.471 -0.455 -0.425 -0.371 -0.290 -0.175 -0.020  0.199  0.494  0.668  0.792  0.888
7.30 -0.484 -0.484 -0.484 -0.484 -0.483 -0.483 -0.481 -0.476 -0.464 -0.437 -0.389 -0.316 -0.218 -0.080  0.127  0.412  0.583  0.705  0.800
7.40 -0.487 -0.487 -0.487 -0.487 -0.487 -0.487 -0.485 -0.482 -0.473 -0.452 -0.412 -0.349 -0.263 -0.138  0.057  0.326  0.491  0.610  0.704
7.50 -0.492 -0.492 -0.492 -0.492 -0.491 -0.491 -0.490 -0.487 -0.481 -0.465 -0.433 -0.382 -0.306 -0.192 -0.014  0.261  0.428  0.548  0.643
7.60 -0.497 -0.497 -0.497 -0.497 -0.497 -0.496 -0.496 -0.494 -0.488 -0.476 -0.451 -0.410 -0.345 -0.246 -0.079  0.172  0.330  0.446  0.537
7.70 -0.503 -0.503 -0.503 -0.503 -0.503 -0.503 -0.502 -0.501 -0.497 -0.487 -0.468 -0.434 -0.384 -0.297 -0.173  0.115  0.287  0.409  0.505
7.80 -0.512 -0.512 -0.512 -0.512 -0.511 -0.511 -0.511 -0.509 -0.506 -0.499 -0.484 -0.460 -0.421 -0.366 -0.220  0.102  0.285  0.413  0.512
7.90 -0.522 -0.522 -0.522 -0.521 -0.521 -0.521 -0.521 -0.520 -0.517 -0.512 -0.501 -0.486 -0.467 -0.425 -0.298  0.021  0.203  0.331  0.429
8.00 -0.534 -0.534 -0.534 -0.534 -0.534 -0.534 -0.534 -0.533 -0.531 -0.528 -0.522 -0.521 -0.509 -0.536 -0.355  0.017  0.214  0.350  0.453
